/images1/starwars/reel1/partA/1920x1080 32 33 34 67 68 69 122 123 155 1023 1111 1112 1160 1201 1202 1203 1204 1205 1211 1212 1213 1214
/images1/starwars/reel1/VFX/Hydraulx 1251 1252 1253 1260 <err> 1270 1271 1272 
/images1/starwars/reel1/partA/1920x1080 1302 1303 1310 1500 5000 5001 5002
/images1/starwars/pickups/shot_1ab/1920x1080 5010 5011 5012 5013 5014
/images1/starwars/reel1/partA/1920x1080 5111 5122 5133 5144 5155 5166
/images1/starwars/reel1/VFX/Framestore 6188 6189 6190 6191
/images1/starwars/reel1/partA/1920x1080 6200 6201 6209 6212 6219 6233 6234 6267 6269 6271 6278 6282 6288 6289 6290 6292 6293 6294
/images1/starwars/reel1/partB/1920x1080 6409 6410 6411 6413 6450 6666 6667 6668 6670 6671 6680 6681 6682 6683 6684
/images1/starwars/reel1/VFX/AnimalLogic 6832 6833 6834 6911 6912 6913 6914
/images1/starwars/reel1/partB/1920x1080 8845
/images1/starwars/pickups/shot_1ab/1920x1080 10001 10002 10008 11113 
/images1/starwars/reel1/partB/1920x1080 12011 12021 12031 12041 12051 12111 12121 12131 12141 <null>

